t = 0
b = 49.2800 49.2800 49.2800
E = 0.0 0.0 0.0
0.005479 -0.001222 -4.568828  1.000000 0.000000 0.000000  0.000000 0.000000 1.000000  0.000000 0.000000 0.000000  0.000000 0.000000 0.000000
0.003947 -0.008116 -3.862488  1.000000 0.000000 0.000000  0.000000 0.000000 1.000000  0.000000 0.000000 0.000000  0.000000 0.000000 0.000000
0.005223 0.005721 -3.175438  1.000000 0.000000 0.000000  0.000000 0.000000 1.000000  0.000000 0.000000 0.000000  0.000000 0.000000 0.000000
-0.000992 -0.002584 -2.455465  1.000000 0.000000 0.000000  0.000000 0.000000 1.000000  0.000000 0.000000 0.000000  0.000000 0.000000 0.000000
0.002877 0.006455 -1.761132  1.000000 0.000000 0.000000  0.000000 0.000000 1.000000  0.000000 0.000000 0.000000  0.000000 0.000000 0.000000
-0.005455 0.001092 -1.064724  1.000000 0.000000 0.000000  0.000000 0.000000 1.000000  0.000000 0.000000 0.000000  0.000000 0.000000 0.000000
0.006553 0.002633 -0.346838  1.000000 0.000000 0.000000  0.000000 0.000000 1.000000  0.000000 0.000000 0.000000  0.000000 0.000000 0.000000
-0.002909 0.009414 0.359862  1.000000 0.000000 0.000000  0.000000 0.000000 1.000000  0.000000 0.000000 0.000000  0.000000 0.000000 0.000000
0.005568 -0.006107 1.055334  1.000000 0.000000 0.000000  0.000000 0.000000 1.000000  0.000000 0.000000 0.000000  0.000000 0.000000 0.000000
-0.009124 -0.006914 1.763661  1.000000 0.000000 0.000000  0.000000 0.000000 1.000000  0.000000 0.000000 0.000000  0.000000 0.000000 0.000000
0.004895 0.009350 2.460517  1.000000 0.000000 0.000000  0.000000 0.000000 1.000000  0.000000 0.000000 0.000000  0.000000 0.000000 0.000000
-0.002591 -0.000609 3.161789  1.000000 0.000000 0.000000  0.000000 0.000000 1.000000  0.000000 0.000000 0.000000  0.000000 0.000000 0.000000
-0.007402 -0.000486 3.866538  1.000000 0.000000 0.000000  0.000000 0.000000 1.000000  0.000000 0.000000 0.000000  0.000000 0.000000 0.000000
0.003396 -0.001257 4.582654  1.000000 0.000000 0.000000  0.000000 0.000000 1.000000  0.000000 0.000000 0.000000  0.000000 0.000000 0.000000
