t = 25336837
b = 49.28 49.28 49.28
E = -1.19877106358987 -1.19877106358987 0
515.325325106056 162.350347519874 -469.901342762754 0.966566927277417 -0.0962372816171402 -0.237669435814634 0.241489531914785 0.653269810767453 0.717580211764116 0 0 0 0 0 0
515.328517427894 162.29168033858 -470.343161864654 0.482752294899945 -0.716929351185675 0.502953802229706 0.288525350908067 0.672445974700248 0.681593378043555 0 0 0 0 0 0
515.503742075703 161.957870753647 -470.7433683379 -0.0178462560543887 -0.654384505830127 0.75595134081125 0.230847290780639 0.73294688572192 0.639920613083996 0 0 0 0 0 0
515.618122417575 161.544450054057 -470.947303671136 -0.735901548680633 -0.208586849912423 0.644158704585339 0.303656652309663 0.748655223600517 0.589328425993321 0 0 0 0 0 0
515.585476872078 161.113442113576 -470.996058914242 -0.955750420413329 0.261683048168145 0.134399092932914 0.283195191549523 0.694760789564648 0.661141383341512 0 0 0 0 0 0
515.295327341524 160.73055943226 -471.114539326027 -0.593062016581836 0.714676815751355 -0.370829466891981 0.464036228039717 0.679773622133494 0.567959683180228 0 0 0 0 0 0
514.801929326592 160.550082861724 -471.669575201679 -0.95404542471797 -0.239580022168431 0.17999650150067 -0.0174544396497548 -0.555216680928554 -0.831522567195376 0 0 0 0 0 0
514.600053990848 160.897744952347 -471.492382363149 -0.273462892745989 -0.68217131373505 0.67813003547108 -0.391311714010426 -0.565127673557712 -0.726295983093312 0 0 0 0 0 0
514.517628397127 161.130424684055 -471.059220658535 0.44513633241145 -0.86045382359423 0.24793721590226 -0.568908552669556 -0.485569783651477 -0.663750739287052 0 0 0 0 0 0
514.53964588956 161.074769633428 -470.566088495551 0.932434662739615 -0.126925263480764 -0.338312839265687 -0.34616828487114 -0.582223169347532 -0.735651887528532 0 0 0 0 0 0
514.852330239513 161.163720088254 -470.108604471237 0.6250012050003 0.350047032180741 -0.697739614046408 -0.470173332912225 -0.544705323807186 -0.694430088082532 0 0 0 0 0 0
515.359098858146 161.23111116369 -469.743436656727 0.149970561483906 0.641677673156369 -0.752169259183618 -0.396786679674481 -0.65775679820501 -0.640247081405284 0 0 0 0 0 0
515.877886021646 161.395594995526 -469.710825887364 -0.449604879041999 0.743890389907487 -0.494451757550643 -0.599261086655561 -0.661698500540306 -0.450600981360578 0 0 0 0 0 0
516.23260412228 161.687123912115 -469.763478819534 -0.765976341558343 0.633900113747534 0.107008831241926 -0.610147934019448 -0.664419080278939 -0.431586357955237 0 0 0 0 0 0
