t = 3000000
b = 49.28 49.28 49.28
E = -0.444825823530835 -0.444825823530835 0
159.929225708406 106.335932090838 -7.49545984048075 0.505847371075814 -0.501631227913204 -0.701772433455446 0.85362761230532 0.408272391326236 0.323471102249761 0 0 0 0 0 0
159.288168572089 105.958531030985 -7.40667090050881 -0.532820313754504 0.32224132046866 -0.782472392249827 0.171905507315175 0.946595632067369 0.272773176660922 0 0 0 0 0 0
159.059785958192 105.543624417056 -7.59690219855648 0.292728633656896 0.309889871676715 -0.904587317216838 0.266061645752728 0.882270172554319 0.388343331705749 0 0 0 0 0 0
158.732041760965 105.358787145522 -7.82783371651102 0.938811038368957 -0.16512557363341 -0.302270374282425 0.222109228998102 0.960981047889726 0.164872423378301 0 0 0 0 0 0
158.627805130854 105.106813497685 -8.23403909843675 0.763678328913628 -0.364785242678511 0.532660432800925 0.309058337510953 0.930952044702169 0.194451110770336 0 0 0 0 0 0
157.935252703552 105.495159108227 -8.79586812235593 0.285698820616091 0.924457375619619 0.252497018915197 -0.905704538934481 0.17436961887348 0.386386495839848 0 0 0 0 0 0
157.344878455807 104.338919207079 -9.37882183158832 -0.0714684142183537 -0.996703061051659 0.038409293919151 -0.825683298015108 0.0375139323774473 -0.562885242528595 0 0 0 0 0 0
157.208842924003 105.811852499211 -8.98159775238741 0.17166827532453 0.930237338621647 0.324327761810821 -0.946015046523914 0.247532915113378 -0.209243847426468 0 0 0 0 0 0
156.707446225172 105.496778258323 -8.93052090342058 -0.157035692614754 -0.669269393906808 -0.726235684626292 0.328085950256525 0.658242151225846 -0.677552123156473 0 0 0 0 0 0
156.508647084863 104.973975461209 -8.62030392922082 0.178133479459567 -0.342329871260248 -0.92253927978085 0.214783833932647 0.928454277511509 -0.303052073498558 0 0 0 0 0 0
156.239561553967 104.549441842514 -8.69082320775481 0.838495820097843 -0.345613516767839 -0.421279072238122 0.271843983770063 0.935357078212191 -0.226291813211119 0 0 0 0 0 0
155.673374508884 105.215938374482 -9.01711021820868 0.580591312784475 0.174223714559446 -0.795336296672237 -0.794795740387723 0.333241690440437 -0.507197897091394 0 0 0 0 0 0
155.211676890019 105.266671951258 -9.76179687290946 -0.0782727415109603 0.0730883629807207 -0.994249198708833 -0.990161669047468 -0.121731454447856 0.069002334360089 0 0 0 0 0 0
155.663336686896 105.054048085623 -9.84217410185882 -0.122539474795047 0.752357872202985 -0.647257065817864 -0.986300028103201 -0.019745861298471 0.163775320256764 0 0 0 0 0 0
